10
10 10
6 8 1 7 2 1 3 2 7 4 4 10 5 3 10 6 8 9 9 5
18 18
18 8 14 1 13 12 2 9 1 16 10 13 7 4 6 5 9 10 8 17 11 3 12 2 15 11 17 14 5 7 16 18 3 15 4 6
100 100
35 32 52 1 59 36 18 10 32 60 74 27 68 86 34 8 98 42 70 98 55 97 33 93 95 96 27 99 96 74 89 43 91 54 79 18 56 29 2 87 21 23 22 44 57 61 88 67 61 13 12 85 48 4 49 14 1 49 63 33 23 7 73 63 10 28 65 47 94 92 42 78 8 9 9 57 31 69 19 25 71 84 16 2 24 51 51 3 99 53 46 30 72 59 92 48 53 66 50 73 84 50 11 58 100 17 26 81 20 88 40 65 76 77 58 6 86 20 36 56 87 11 62 12 90 95 3 83 39 45 6 34 93 5 37 22 77 24 7 72 28 76 13 100 85 91 38 40 82 71 60 21 69 80 78 39 75 68 80 38 14 15 45 46 83 82 44 70 25 90 47 26 17 52 43 55 4 35 5 41 30 94 41 19 67 37 29 64 64 75 15 89 97 31 81 16 54 79 66 62
30 40
7 14 10 8 2 28 1 9 12 13 17 21 23 5 15 4 22 23 14 15 24 16 5 10 27 25 9 22 10 29 11 30 20 8 25 30 6 2 7 28 1 11 28 3 4 27 9 19 3 1 19 7 29 24 8 17 21 6 22 21 19 21 18 26 26 11 10 11 13 19 17 28 16 12 12 20 25 18 30 20
50 50
1 14 36 21 3 49 4 11 44 48 37 45 14 28 9 44 7 40 11 16 33 24 22 23 5 45 21 22 30 49 16 36 23 24 31 45 43 26 6 10 32 16 38 22 29 6 8 14 45 40 26 1 27 9 28 19 47 22 42 49 25 4 18 4 19 4 40 39 39 29 35 9 49 5 10 35 2 1 15 23 41 40 24 49 34 21 20 40 17 4 46 9 13 36 48 26 12 44 50 39
60 60
38 42 7 47 3 47 9 58 57 9 41 45 28 37 4 42 18 28 27 33 32 8 12 35 2 31 14 12 45 16 16 27 33 52 49 36 43 60 6 49 25 3 31 5 35 48 19 36 24 33 17 45 13 5 29 18 8 51 60 4 53 3 44 29 48 8 21 18 59 49 36 29 37 60 47 26 22 3 34 31 58 14 42 34 5 9 15 18 30 9 11 60 26 49 23 52 1 29 50 45 51 45 52 20 55 18 46 27 54 60 10 36 56 14 40 20 39 51 20 22
70 100
63 6 65 16 22 2 8 55 3 21 35 25 1 42 52 67 56 69 51 70 46 45 25 68 47 35 3 54 44 28 10 8 58 18 26 65 35 15 7 25 46 22 17 30 18 47 41 44 15 25 33 69 4 61 2 10 16 14 17 26 10 24 13 39 8 53 28 24 69 64 30 4 24 9 12 3 45 60 27 49 28 11 61 41 18 27 1 38 15 40 38 26 55 7 8 7 53 5 34 33 34 65 53 31 3 43 44 23 35 51 36 37 36 52 36 68 68 27 50 54 49 12 44 55 31 34 40 48 29 13 43 21 19 11 37 62 61 67 40 19 60 21 6 39 20 48 13 10 67 45 54 21 9 1 32 50 57 42 35 29 66 54 14 15 2 58 39 56 64 59 33 38 13 2 48 57 50 52 60 66 11 36 21 51 62 20 59 32 42 23 43 63 13 9 23 55 5 17 33 5
80 300
75 41 1 25 61 43 23 4 19 41 53 47 1 28 39 22 78 33 2 53 10 62 3 1 11 32 3 48 3 55 30 41 28 59 43 64 61 71 70 52 36 66 76 6 51 77 7 57 6 69 22 23 60 19 31 58 69 17 57 4 54 18 49 11 7 11 76 44 7 50 24 22 45 68 59 44 53 66 48 4 61 74 40 63 74 80 39 8 10 50 26 12 8 64 79 65 78 29 11 45 57 35 69 19 13 2 19 7 48 59 13 45 29 57 32 67 76 48 34 46 70 29 43 70 39 9 14 31 16 11 21 80 65 38 73 28 18 43 65 51 10 33 18 64 40 10 78 1 19 24 19 28 47 12 74 67 7 72 1 22 48 28 55 50 66 62 21 28 48 35 37 4 8 62 22 55 24 80 5 76 73 30 32 71 18 56 47 21 7 41 36 28 26 16 16 52 42 18 2 32 38 64 61 20 40 61 14 22 43 29 75 45 30 68 31 32 41 22 74 68 7 3 43 24 60 28 15 19 78 7 11 57 34 45 67 52 35 71 57 62 77 29 78 38 63 42 23 45 78 37 46 17 69 64 9 55 7 25 20 55 38 30 36 30 61 60 39 18 24 66 36 27 7 27 39 46 79 25 60 48 73 16 28 41 75 68 79 11 10 20 29 33 61 62 40 65 2 23 41 50 13 53 73 54 63 72 1 44 5 54 49 3 48 65 44 58 3 65 78 20 46 43 77 32 6 18 78 24 48 71 47 77 52 44 14 27 25 33 39 64 78 32 1 35 54 41 37 73 64 59 3 25 40 45 21 23 9 44 6 39 53 7 19 68 51 57 72 11 69 35 39 78 39 51 53 5 51 11 50 17 70 74 53 50 73 17 66 27 39 14 54 28 33 17 31 62 25 75 28 34 2 71 56 16 27 57 31 74 75 12 18 9 42 44 56 27 78 10 7 45 54 14 59 24 36 21 60 18 74 64 49 63 50 67 78 35 60 49 10 71 41 80 77 36 30 17 79 4 60 22 2 30 62 9 48 79 69 78 79 21 64 4 64 12 12 62 63 7 65 44 4 29 8 69 38 26 2 9 10 47 68 4 5 22 51 59 49 46 21 38 20 44 18 74 11 23 14 50 5 69 61 26 27 33 68 80 71 25 6 67 38 17 16 20 73 42 73 3 40 41 56 57 78 46 21 4 18 58 13 36 56 34 56 15 80 20 37 31 31 40 70 59 56 26 40 35 70 64 54 59 51 27 9 30 51 72 47 1 54 47 77 38 32 1 48 22 47 50 76 17 37 24 19 66 72 10 57 25 53 22 71 50 74 50 15 62 69 1 15 30 14 36 66 23 79 30 8 15 58 4
90 500
1 12 11 72 23 18 23 11 3 5 37 20 2 67 22 58 57 52 44 77 3 9 57 28 76 48 19 2 71 26 11 51 60 31 36 61 11 68 40 63 4 9 57 1 83 30 45 43 3 25 5 1 20 17 74 66 84 74 48 87 87 37 29 45 29 24 88 5 41 68 56 20 22 7 50 51 8 19 55 58 6 58 33 36 63 70 84 37 50 2 8 88 37 47 49 66 51 12 7 72 55 53 55 85 8 13 18 52 22 6 10 70 44 27 31 45 26 24 8 77 40 83 50 74 59 26 19 37 81 47 40 54 76 1 86 63 87 17 48 34 48 37 38 89 25 78 64 30 31 61 35 20 61 34 76 45 60 54 55 79 12 2 21 82 22 20 34 86 19 30 4 74 87 65 81 88 87 38 19 44 38 32 15 42 68 67 76 73 31 90 49 52 16 11 70 90 59 69 59 85 29 78 60 76 41 83 84 31 27 43 16 8 44 70 41 52 16 45 73 30 40 88 29 73 35 14 50 12 36 19 86 14 18 20 18 27 13 43 10 13 57 68 39 82 48 58 22 30 18 5 9 39 40 69 5 30 46 70 46 85 4 15 27 74 33 14 21 39 15 57 6 28 54 30 23 57 19 80 45 90 26 85 46 61 85 82 11 77 19 77 11 90 70 82 8 76 18 51 23 6 7 35 81 7 31 1 25 15 71 83 46 26 23 83 22 65 12 68 5 59 84 26 41 19 25 60 54 74 25 65 70 56 25 82 40 30 79 52 16 30 74 63 21 26 19 39 65 15 22 3 78 47 21 90 40 2 31 82 28 43 28 49 40 12 23 24 12 24 75 80 53 34 41 77 11 61 85 69 31 35 25 38 30 2 35 75 7 46 14 58 54 70 12 73 79 28 10 54 55 11 33 75 4 73 8 47 64 59 31 78 8 79 87 53 16 51 14 17 42 38 29 52 10 85 86 54 83 63 42 57 38 14 53 83 63 39 42 1 33 89 34 17 83 50 81 16 50 6 36 17 41 4 25 11 60 18 12 39 28 66 23 77 12 67 74 82 45 63 36 75 45 49 6 39 83 49 28 80 55 24 50 80 38 26 5 50 44 68 68 28 1 46 77 24 27 89 11 66 37 17 62 39 34 66 40 66 68 86 27 59 3 65 84 38 25 18 28 86 84 28 3 7 49 77 45 52 3 18 6 69 62 72 22 38 58 20 80 77 50 72 29 83 6 27 71 72 44 59 88 86 1 24 8 37 45 14 72 78 45 42 40 7 31 12 71 90 67 37 25 89 8 50 53 4 45 73 45 74 84 44 32 5 82 14 41 21 67 66 36 73 73 68 47 20 15 9 54 67 7 30 66 59 13 26 6 36 49 54 31 72 37 66 32 59 85 9 15 19 50 14 77 58 68 43 77 14 81 73 72 43 66 20 32 57 65 28 51 24 60 44 2 75 52 46 69 35 41 24 84 61 11 41 26 43 60 56 5 64 71 40 62 78 5 28 10 71 5 20 1 26 73 14 1 51 55 21 7 74 74 21 55 45 46 74 65 62 55 76 79 53 53 64 4 29 13 83 36 77 54 27 33 27 84 81 34 43 58 72 3 33 8 60 18 9 16 4 36 44 60 27 60 23 60 14 22 11 52 2 10 24 53 74 32 34 70 9 87 42 79 82 48 43 45 68 45 65 75 58 70 66 3 41 12 72 63 69 67 62 60 6 54 37 15 85 45 26 65 19 7 4 67 75 65 34 11 26 25 84 79 44 40 58 31 5 71 62 33 88 79 70 51 17 10 42 50 63 6 63 75 47 68 77 19 25 22 69 33 43 33 44 42 64 16 79 44 12 41 76 18 11 9 62 8 87 27 78 71 69 56 21 71 89 30 37 13 50 5 57 7 90 61 26 3 56 35 58 55 19 73 59 65 57 51 6 81 50 19 56 18 14 75 82 46 37 18 69 76 29 6 21 70 21 6 56 26 77 77 17 3 67 60 73 52 39 79 10 31 18 45 70 88 20 55 22 84 19 15 46 28 2 64 69 80 17 16 62 81 45 53 46 6 20 29 33 61 63 13 69 6 59 22 63 22 64 83 51 65 27 83 58 83 86 18 57 32 33 24 9 31 27 84 51 40 90 3 57 68 66 61 56 84 62 7 13 84 80 25 81 52 54 85 24 61 27 30 39 3 86 23 31 31 29 86 64 22 52 13 60 36 59 16 5 76 19 1 83 89 64 65 90 88 75 43 78 15 28 90 72 90 89
100 1000
26 63 1 24 25 9 59 82 1 71 83 92 25 4 49 6 24 13 95 44 93 89 51 30 64 85 84 89 91 11 12 74 97 38 9 40 92 1 70 81 93 60 71 40 97 100 25 19 71 68 58 49 53 49 3 37 38 31 67 77 3 55 3 56 70 18 3 72 3 76 77 20 76 52 4 18 28 31 41 11 99 39 36 71 51 6 53 79 36 65 6 15 82 84 6 21 46 62 28 55 14 1 80 40 39 27 9 5 10 89 45 6 96 42 26 74 44 15 52 94 91 41 58 11 7 78 14 41 7 76 7 86 69 42 23 90 79 5 8 1 26 53 4 35 8 35 100 59 13 73 64 20 8 62 8 78 59 6 72 74 74 80 48 15 49 20 25 1 98 96 2 55 10 18 10 21 14 87 57 8 90 24 14 57 99 84 38 67 11 5 96 17 98 41 65 71 23 33 3 38 11 44 11 50 69 53 11 56 11 53 11 75 49 9 53 55 98 7 1 18 25 72 12 24 47 56 93 81 74 40 46 68 59 5 93 15 48 2 93 73 12 78 12 90 90 34 91 5 99 46 14 26 45 9 64 10 65 10 29 87 54 50 14 30 92 93 14 38 45 3 14 53 22 70 45 32 55 13 14 65 30 13 37 5 16 9 75 52 14 90 37 73 17 39 91 3 96 65 65 89 16 18 2 92 2 1 16 28 41 54 26 100 16 34 45 11 59 61 16 64 41 35 22 21 53 77 98 44 19 13 100 76 13 52 48 5 17 24 83 31 29 24 95 92 50 23 29 5 31 40 50 71 59 54 17 12 37 31 90 5 84 40 99 91 41 61 92 42 69 97 95 16 26 93 28 34 62 27 57 84 22 9 36 45 25 57 70 42 17 58 23 60 24 18 95 26 59 86 94 34 32 10 22 60 11 33 25 95 22 75 80 94 98 59 48 22 45 44 51 68 74 84 91 57 23 66 14 70 75 80 78 19 7 96 22 29 75 38 25 87 24 34 92 55 97 85 28 89 95 14 14 46 97 23 64 38 92 9 28 97 48 40 41 81 25 31 80 24 17 5 41 47 3 78 99 16 46 13 78 77 51 33 88 52 14 94 30 66 60 35 51 21 33 87 97 62 25 15 72 59 53 24 33 31 25 63 86 5 72 22 3 44 76 77 96 4 53 18 98 27 36 100 8 15 96 21 45 68 27 18 32 12 98 52 97 20 28 20 93 79 60 31 28 63 100 93 17 68 3 31 41 9 28 73 54 61 28 90 23 81 33 39 41 68 9 29 58 13 26 56 96 27 12 9 29 52 49 13 39 18 6 90 79 60 9 31 95 98 2 80 54 13 30 84 77 89 86 18 25 32 30 18 88 44 17 15 97 64 30 57 90 42 7 80 24 42 57 47 7 6 86 83 23 44 59 66 34 42 36 87 95 11 69 60 79 34 61 52 10 24 30 53 32 31 95 76 32 43 54 76 32 74 46 74 2 13 79 10 99 83 45 24 99 61 75 21 22 43 16 33 95 78 58 39 35 13 41 88 99 69 29 31 36 6 3 32 36 32 12 19 57 6 20 94 16 10 36 60 16 51 4 82 96 39 63 68 86 89 21 62 67 34 54 35 32 37 29 84 18 42 96 50 37 50 37 68 14 84 88 72 41 18 93 9 95 1 30 72 46 78 25 60 97 93 38 90 54 56 45 81 98 9 40 87 12 52 47 85 30 65 49 10 33 44 65 29 95 62 64 7 83 85 80 55 62 87 91 10 7 17 67 12 96 68 32 85 67 79 15 20 64 30 41 90 36 73 30 10 77 34 59 15 21 77 99 80 17 38 75 31 41 76 95 49 100 40 86 54 58 79 73 15 92 49 41 77 79 35 67 43 98 37 1 27 45 52 6 80 64 60 97 46 45 75 70 12 26 22 22 100 90 39 3 68 70 39 37 38 82 13 43 61 90 27 25 85 16 75 47 27 99 32 16 65 72 38 97 33 12 73 28 19 58 40 97 87 23 68 2 9 47 60 25 7 56 31 26 13 48 7 48 8 48 11 57 17 14 21 66 56 32 27 35 5 46 43 48 44 50 76 58 27 86 4 91 79 48 94 59 83 64 83 2 98 5 73 66 79 100 54 82 52 22 19 99 51 72 73 43 55 96 9 50 6 50 40 60 85 10 35 48 63 2 41 2 30 43 13 38 40 69 35 51 17 74 13 84 31 30 11 51 35 99 24 90 87 74 21 91 33 50 81 10 62 6 29 85 9 53 4 57 92 2 89 9 20 12 42 33 42 53 54 79 61 80 84 4 62 69 85 72 53 11 19 53 90 30 5 51 87 50 15 25 92 98 21 72 47 54 66 83 75 48 33 36 54 74 52 11 90 17 72 45 53 49 50 82 42 55 82 55 89 50 94 50 77 53 65 91 81 56 43 100 82 30 8 32 13 17 84 25 98 57 26 83 6 97 6 57 50 97 66 57 58 31 42 17 60 86 29 64 33 100 53 56 77 41 87 45 25 97 13 57 41 98 81 55 81 58 55 45 4 26 39 97 39 25 99 97 63 36 1 59 18 59 24 59 27 59 39 86 34 79 40 62 78 48 75 59 65 14 56 26 77 69 83 2 67 66 74 60 13 41 31 2 49 62 20 25 62 98 58 7 47 16 97 8 13 47 8 22 66 97 26 69 5 53 23 25 53 62 77 19 34 2 36 41 62 63 1 95 75 63 4 69 16 7 35 30 100 63 55 28 92 93 71 63 84 88 18 67 42 60 27 64 15 60 24 61 39 14 18 96 55 41 58 6 5 7 87 97 79 75 43 96 46 72 19 46 9 76 15 37 87 75 92 65 46 18 84 26 65 66 44 85 81 55 18 36 34 67 6 69 100 59 77 54 40 2 5 63 73 67 56 11 26 62 39 57 11 45 89 12 76 7 29 2 84 39 82 78 90 25 55 99 71 97 68 7 100 38 29 63 46 78 84 69 70 26 19 37 82 29 80 49 90 77 94 56 35 69 98 69 31 56 1 16 35 41 43 26 82 14 8 70 50 70 73 55 73 32 80 47 39 71 34 22 34 63 35 36 56 46 52 72 15 16 30 95 99 16 22 97 40 97 8 86 65 98 73 53 68 10 90 68 42 45 39 88 12 14 7 29 77 93 24 73 18 5 61 23 76 51 71 74 27 50 44 74 87 82 34 12 65 92 35 74 93 43 94 50 13 95 93 7 84 21 34 67 53 64 41 86 84 23 94 75 53 48 74 22 37 75 77 75 79 76 29 22 38 76 6 100 35 93 6 75 44 43 44 47 52 41 92 57 77 6 62 55 34 37 92 88 62 54 92 58 56 11 72 36 77 51 72 79 4 98 74 59 60 79 20 61 89 72 70 29 40 80 4 69 75 71 90 95 37 88 60 11 42 14 31 82 27 75 15 22 46 29 81 81 5 9 44 45 26 21 24 81 40 93 43 97 14 1 81 90 55 46 19 51 80 61 19 41 82 83 8 17 93 24 35 77 42 37 80 50 10 98 75 23 1 23 27 91 31 85 42 15 77 57 73 8 49 22 94 75 32 99 50 30 37 97 84 59 53 12 43 86 39 86 40 17 46 86 62 72 85 96 66 88 34 96 40 4 78 69 88 26 6 82 40 7 11 88 13 54 71 14 68 87 44 45 82 88 43 11 32 88 46 25 64 86 38 78 1 46 60 55 35 89 20 32 55 92 52 51 15 29 71 57 90 90 31 12 6 45 54 58 50 30 79 30 91 98 82 79 81 47 49 93 82 100 49 6 60 11 86 32 9 48 71 56 29 31 15 48 27 25 89 33 18 92 21 92 34 35 20 70 89 3 10 22 31 16 78 92 61 92 70 92 78 79 56 28 6 2 34 89 94 93 13 86 85 86 13 28 44 64 81 29 10 93 44 88 23 25 39 99 11 28 23 1 33 53 10 6 82 95 3 95 6 9 19 51 44 97 18 59 12 79 62 95 41 43 9 12 33 97 82 95 61 69 39 49 84 37 8 30 55 22 47 2 14 21 1 95 55 69 8 71 20 46 82 96 15 86 24 90 19 9 18 96 30 63 3 4 10 85 90 96 43 72 76 41 67 64 31 72 21 91 19 97 65 8 39 72 62 93 4 78 82 97 11 97 12 53 66 69 79 24 55 46 66 80 68 13 54 98 16 96 70 46 47 63 43 27 87 97 59 84 15 79 21 24 40 28 100 57 55 97 67 75 50 64 74 69 19 37 9 69 24 88 17 36 10 96 51 62 82 72 33 43 76 68 27 47 31 70 33 88 90 98 32 33 20 16 84 80 52 29 73 36 88 97 91 98 46 98 66 75 70 52 73 48 41 28 57 64 14 98 91 88 10 69 13 65 8 73 68 97 80 99 38 86 87 99 44 95 80 30 85 61 44 100 46 21 82 2 29 99 78 99 79 72 5 60 62 16 20 19 33 99 92 100 12 100 33 76 9 25 30 8 44 35 81 7 38 10 33 100 56 92 20 75 76 64 75 6 18
