1162
621598952 768975914
554459151 853127256
726446089 863406524
615581344 934884628
192119244 292415940
73191045 199720740
136196296 982515497
443749395 626557748
110239861 678354312
33261960 670440113
480992078 698386216
424496388 570117782
45012807 54477014
767140676 989008591
412820029 536939735
415243234 539542524
464159666 470900558
99957707 741417689
89448266 95443104
704410918 749931493
517078608 821328894
425200228 842817120
93262413 662138427
430397444 591291559
38817751 757896790
160869525 845173680
377198502 996475748
690417330 782899147
346637038 598541933
99713310 880865383
142818522 282830019
257160486 359190438
130138327 889487821
498494373 781119358
654198642 793282032
112631248 853270707
351415580 817956461
454602388 548497668
108243342 600493152
327199985 692011575
189268555 660087451
192743546 613322678
35437946 545566781
378694155 718617024
4618922 141270218
320810762 682522964
98792252 396520233
673799390 865077099
377456435 886512703
243609807 246195067
392481878 520643609
254253516 893869529
262558069 882054745
407462552 690739759
114017478 174813131
267276415 326663621
277970143 371895959
860239754 982612452
411213912 462821516
248428556 423509502
631059721 956372534
903923776 946481961
618958690 740562932
74285131 427916762
768807872 822197810
285831603 737779283
50833282 803962715
27222659 910191580
63867479 471874631
139814846 521006904
272206709 630968631
208510909 542514237
656048079 968699744
795426724 811998633
651247693 943311139
151525950 928519955
581234692 664199514
55841888 670215033
352800240 545309694
311284313 485284499
33683387 328486148
45298389 479211577
83053875 913791463
22106575 30535094
102216872 558007260
159910949 914256024
448479661 723040035
24771073 671393519
301553549 942069701
116019023 602525241
49308460 384556634
110548746 419419367
139971715 802999118
11917056 12454530
17371951 705583043
329504967 777138403
162576745 621132809
109211160 254091374
531761250 999405091
277368514 693100808
786957306 832638647
37744188 154296277
297365360 625158951
401108624 556488333
274454213 750062713
508271807 575009501
576191940 981796130
54171257 716228649
9062308 631850197
199626564 754204534
450772754 467118344
35140549 962853509
49204118 192407131
823761982 933537843
34708466 455002319
377119725 819954356
94702454 363277071
18027913 171740529
27275404 992918142
286780262 442171726
51760075 755538144
981677804 993682068
323339991 734970505
241601827 503308490
134466015 167705897
610496039 723040685
682318069 950089281
205320595 609630322
149690520 609998014
145219003 947339007
275910369 601356488
733429612 988333682
25791596 138183829
360835425 480635856
785344018 860147425
434550141 635394642
39819987 825580801
67306865 644679140
295576664 627316337
308452836 934269372
12391987 552168906
545840586 818943033
83139117 685567496
100263800 506507352
36866934 940247980
208620165 585801251
128598663 142082640
94915214 427653668
245609133 282107375
527737627 578834879
376890443 468400498
321226011 525098562
266628630 864656897
527943090 576496768
695931908 884567873
331636194 882427171
224375393 888924597
111969600 677392428
123724649 468984025
1040102 742502263
94103716 846169198
721978930 810249538
463158117 463230622
888843579 897783721
830895025 914012381
161866984 648539054
104722641 784102986
214725961 284320394
236270487 919678145
300811706 565837704
69079416 976702212
260275793 376575332
561770627 824042590
340815777 544856068
318642646 395714282
13082815 839539711
176361987 381461227
440501485 773134472
22935388 132327186
75493303 446086722
514124977 571776558
652268559 921136825
129985130 462189489
363369002 492303124
31596824 57833668
347849632 651256468
736287495 983154451
137677939 906211532
400752812 536172378
343896066 736772870
34236382 775665763
32738525 66533199
259591269 970452662
411171026 742036514
660059859 970152669
81854397 518508389
337316299 711187791
39224135 110040963
61002230 353253500
94128452 486774192
468928572 810503692
646778523 991898594
558866961 717096275
931025196 967595708
280384203 838178303
99240807 917497848
492933177 528974291
36093904 478329583
254010760 754331662
456274993 742682492
89686680 623489144
3679702 409329495
153682907 318769186
405823443 729493484
59522207 455332125
273517265 282790614
35163206 430000317
286429303 732855664
151937525 255926392
92609050 140616431
901322695 973867505
185848826 818282748
383431317 912974422
44036668 524698750
35399439 105401054
97618459 948989450
691426603 788912683
47165425 772902704
287832232 463150180
329833463 855719734
173556559 383585379
682294487 908251676
463574336 465134234
16172414 19801154
523987149 614555474
584993095 591790277
15394860 481847889
160744726 256637586
840147703 895160534
450443874 523313221
25265813 588240632
338569814 658682995
843923431 999875258
22056132 839100029
64676574 123201818
664236043 978410992
95252291 988156173
29937822 446779534
66292957 789199153
4139177 286144644
17146075 204252405
545733886 984281507
39744243 907056462
59030428 572915638
57970441 469433296
875089096 937583305
299916747 556647320
132740908 533910101
240390341 616699758
556009572 909730862
151528507 616990385
177896015 706352979
21664843 394066059
442798056 989258536
50466089 869068915
75000905 553266702
810697696 942247582
684917797 759920104
473383533 694044837
877367883 877610643
92267857 848636621
242284351 444092545
215112408 357730490
179263355 752629322
660503366 762334024
737101019 771150437
43936943 454563592
259123039 299783589
181463138 777058935
29810953 217160204
107470829 228475876
293287096 801252607
436077378 930099159
583783413 942522795
872565258 934213871
410292718 831444421
219720909 324928370
510952021 813178847
480949023 930996241
800027301 974760831
456712618 655394926
149164985 571874397
419421961 902486846
104387750 183569073
98258298 598247099
13536217 662911115
401949169 723613568
366322993 747905980
747855014 834019969
124918054 844683968
736543506 783942612
704284117 766270733
252778472 725125138
208497641 674024030
138612863 439610024
181927688 434917466
79047627 771000321
54068074 336537037
20559174 853538308
586148829 895880214
50907581 698200939
605513143 727369846
428082998 513708514
771757743 807712436
373849189 924137299
209769360 539146979
218463724 670256545
95518231 204624108
525260162 789042887
112458182 535248495
114289818 299055514
21842636 811569286
36963262 57243960
26561864 896133319
730486677 802854600
918549018 940890890
276590300 498559992
605288906 609573528
55841250 253585881
73535011 99832852
458721888 498993835
65457464 424948762
376211590 796336362
450530157 907148030
45265477 825987955
360639479 861850297
133721242 977998110
167379210 731783478
205800562 446068377
441373864 554994088
57136673 956830058
291461683 878214648
544324656 979285952
184157172 605654477
162308159 608996623
499181159 666614131
30545427 154491896
104442421 921378534
100195954 869630148
365189108 366219630
117326843 225075030
205182360 315240933
26282053 434166016
871478824 926790645
106122428 981198964
277041213 280098773
128902165 440665910
239434897 748334514
622782161 945443048
57463027 206432217
320181214 484622894
203235325 798990034
70087123 571711214
172964970 908537020
122371330 553093131
172523432 498398174
391887118 907425455
548695456 818244838
388232202 629748774
601718827 756278006
262034262 587831666
313860015 825435073
342912291 628249936
269921499 612560631
41715479 85171229
269133785 470860140
704024951 730963913
137406015 705435065
239096362 276447089
343631175 618610020
803249591 926649473
439263245 441558907
65222236 724549564
34792456 411933991
79729517 131680138
678396465 818705332
52788595 100148532
134368180 362176654
113666841 724108013
293546942 873517035
2596353 480210509
447457915 730424189
222818271 488178907
384973312 435358409
210013766 671204951
385733141 556749072
34314901 695403125
689466731 997902289
45588705 705186603
279128469 901967406
207893435 902046954
280118679 616091705
670483729 973337494
166585339 500322459
62576662 628600532
522270673 606454851
604793878 830514400
135990166 730606295
102593063 999724947
258108679 908579591
615256956 888455767
282877765 590780475
60873743 430543244
341256138 710573876
224460836 251551543
531986520 915997757
92444264 657015134
28095378 80068267
887994981 900099353
313277595 774120368
228621389 978070028
591440440 785156764
483983152 635700311
671384617 784264475
82176581 102790424
340213965 814782558
374641441 969624461
372402591 995978157
48384596 562834912
52340991 889559915
374224114 398060513
791481586 917306384
383294075 720061172
76927654 790745537
137925284 975393075
408022266 688733974
129509536 507918369
58815719 111785122
492917729 871837976
45218056 269339755
356613310 766020971
349995832 422239291
289794149 870329425
115526258 117579896
273335410 273693515
579248166 849913309
470579264 673532689
451195015 636396725
262838126 939500381
164071975 883130723
188681077 476998167
101722646 144717096
311906498 841485466
204929559 834811972
967126131 978138152
26895385 580602879
59169825 975298792
104119593 886310893
73581637 321949543
140157339 982319461
629413490 781881469
48081308 648692284
478671160 944225016
362199625 552444458
165936708 464477550
164104583 529702311
32519093 87549713
214706774 597202236
632392952 731775261
307965258 536501936
138821845 851688246
449981782 553888987
663573342 794580123
454810215 893962410
510458068 823609036
71579111 439276257
14756660 493038724
480797995 509924142
730805467 938421951
793749949 981485254
179956257 660815001
325278101 603161892
12083582 663773365
8883037 559304725
698590156 911653743
16120903 947034355
63984371 450591499
288994828 675548329
265511034 987702392
120413619 300572568
656206882 841612632
73975135 186033360
493019488 979603268
227982305 587773887
52165244 290942609
567927932 747425856
5420 91093940
7492916 817861195
285111711 897763565
108442142 629488898
689038053 959421447
76227078 248246334
508387995 787084199
636515557 817845651
93899370 352188201
242294334 555141653
611876826 662112746
544181556 661641846
74042766 482210058
48644675 965740374
517061792 538702382
16275089 972857100
63489006 243471163
210782317 553329861
63362847 934964264
599518527 907590143
41741454 291188760
759588408 907421965
405070419 495371143
56184629 988212079
189021214 241885855
751229785 862635782
583620024 657487177
136906097 464259851
7226206 984738588
637959665 949723831
471931999 555458044
103998822 649491274
289020911 340464417
80676366 759420241
658480683 894584768
546161707 787680849
108323966 682247553
495797763 912410516
239121760 636452381
874672331 977516783
92303402 653062858
6315538 31513167
918548463 931563005
269133336 723417570
132508621 574173323
131851208 967612799
79420506 567632640
26078133 794474499
26016969 472566225
120996220 502412987
402755356 942351083
240812948 484026088
151384758 348484589
83838537 792581954
325018927 542191768
118796614 636909133
602383435 813458665
467072958 711864431
18574985 835453899
243117589 563421729
359971229 966578258
553701128 575012204
8215845 437732085
477156551 866214759
679811500 978878460
50954511 138057553
339469802 752395782
248451263 925173116
12167473 280750824
184332066 350505087
43109219 834654694
670167902 678259854
103003857 107684046
106983695 424127904
127693898 612436713
97636035 608158911
186763999 291333937
468922926 715611370
371872390 674824538
550658357 707848937
407971176 649248739
177811290 559145966
324598053 703991969
151106591 322804183
619189937 812496375
89851903 925546999
247847607 459929880
249434247 353310385
226020963 295356740
482138792 628732176
643855591 903799282
2697343 30065792
450087677 979161183
387794298 838876419
461834975 765831578
519306042 847503145
287896362 603106486
393499443 442989388
789818545 883863708
365796673 952954057
593884582 846485397
61662065 705682110
893227029 994524036
201478804 820031156
314023660 506571024
73827872 726980385
20473405 117841490
499134315 879307023
678160554 941695027
215103680 906818977
32571859 619882806
449295283 927148845
608417838 753318529
154454830 762082234
259991113 516614708
180530869 334393124
429118124 935405719
896453420 938223442
393726244 740341166
579126043 959866501
615603881 975516497
47792602 671195299
91377836 336482047
455835415 929321378
151651056 529187781
329253040 483463539
219614783 641063372
24062757 334247266
134304772 254990007
115382556 387171884
750999206 849864029
282261823 976061516
38319979 946276600
169225807 599905096
750593507 909789621
514839620 906129671
13817889 490858155
193716983 309026547
9103007 315878290
179823224 572413017
611816737 652196923
471453447 717150573
296404877 662190346
257919027 965865046
16065721 19590481
465801397 485194754
328311222 939164642
231125638 834197589
441733377 878164090
361899560 772216616
365887129 400986291
12274320 722023284
408223569 950755665
717622906 820019590
220473649 666686331
91327668 286287049
263063263 428410646
700431218 932542578
435106650 655648515
745998848 993107150
908965566 933086651
107247894 776574625
75049149 631599556
439489312 571125032
28007244 300604751
418831215 992319286
333745230 345215778
28794646 767794747
97078006 649958769
3610712 400696872
150542873 555694468
149199205 438330345
123117317 205994758
103617088 203237320
469117455 837576626
188025675 992053566
6494541 174227032
218041746 813501818
4312683 289653255
54776339 148423588
17461842 326729349
68897433 465470698
30578912 129655860
94918825 577620962
630604861 867825701
306247293 744100882
372930170 480085244
489612707 556409823
436096123 898830628
246391798 551456148
234154682 577037562
47940182 247699070
10228405 696068231
120828139 386485758
321081109 931277699
753814639 916446335
2098951 917331105
173871657 798779922
328674210 699507386
295152824 739266976
667167737 869013350
148282496 264068781
102879752 168634607
356404387 756640826
440657254 611688695
248348053 425000650
248293206 296165699
243741508 582787925
312210127 806033446
470260224 716742386
571363202 846484057
501950277 755518701
90584787 724981574
478566542 734591957
196513274 761725610
172307503 957225343
79318702 108036883
655427027 945189444
111395904 211175500
229138587 694052638
841359106 959000009
105646353 335657625
215235958 901263136
120343039 261818155
316949052 976716960
203272404 545790229
101255788 193722466
145423962 791959070
97117626 961347040
600393399 840224899
546655258 933683387
411579925 492857918
171951066 261555978
72296837 764678904
61690811 750342623
262267668 777468155
40509456 296252432
132701844 676068049
24845100 398241691
387694402 689056585
246031890 514429416
151954755 338489580
103168735 730604594
752896390 955978606
741799677 807267835
284600504 627567437
26701820 539363673
349756702 491127253
241580681 502412737
650903457 938149333
61247346 452703981
739477309 907267174
305499718 693339027
96454269 702758167
432129474 904229245
10375364 432567341
554288612 927155092
33126382 144641198
37507081 556837701
18866263 168801796
50681063 393101629
12840239 992359009
496005682 983463367
339682935 680156788
18374588 39554819
39882796 170012504
122702067 881211664
60372857 669338949
465638693 867304793
559103583 612963856
89743185 397451711
218663610 734773253
44491141 303092921
231276209 906822171
268785238 315385425
486175757 773649642
517052044 863534156
20362677 785612466
59254306 247687312
57344898 368521761
402399179 696997050
53608612 642767300
3076064 147266690
20952418 745757276
13536765 545928374
26626420 272115873
113959937 458793048
107190727 916731682
298581766 963252503
170768839 741941770
73724681 785627826
150545012 317409826
80815526 267259096
56880578 154630109
206007671 420266111
131791172 751566325
379147405 869391199
72845328 746455186
245748906 690809961
146418845 638247031
337033252 603489225
71118372 78549050
57397601 254301082
130003535 338806222
417017255 569864624
698282936 730648526
43174497 931782040
538228568 802970934
59461031 599399790
377865199 574630740
365592571 464233992
356605308 631531357
283333625 809968554
35627323 433458726
149024080 876277258
681780158 853858761
43911929 111445451
644443183 879373291
396544860 880683957
932987764 990948753
113906938 592737732
72350188 464450998
99822670 120843539
83787067 252941215
42997966 312863092
349967383 550782679
342689586 737075526
655634468 825709226
509910919 613064103
519176699 934819393
378535013 576722332
47823675 984379655
231676099 406600325
185322460 656275648
341783522 629877107
397641286 980962916
474831360 811771193
441435268 794032538
634462286 944312025
491044784 941031423
210029267 646258448
65711034 486427588
37227389 762985646
557969586 874896085
415748919 881229100
489996460 727777942
173345190 918200622
45146853 70277929
397809898 721430980
181201604 874362575
323546982 425532270
244124499 800317380
99667501 660401803
278923687 970593903
130052639 706584586
242308183 637615547
254078477 892451281
48384050 441909784
480369135 972266940
402977408 966001450
135618977 470852196
568694333 867996972
486860199 743425581
539648101 835170804
555564614 908548920
372968270 765926875
36308306 916008007
348343194 563639836
544356735 723308925
297880293 895660455
689703294 874019399
464252549 648872091
242218674 677480070
133237784 649475514
520144066 868564675
216035398 448368903
659570756 888088856
98056142 702599923
70485958 377309586
637383021 832480118
680082285 848002711
27973239 433266336
411970763 583240753
188632370 298314391
550490382 658379618
525277576 827925593
398892638 537599510
971199440 971261641
73270880 394023938
601252623 668242265
310734447 342275626
843120616 981104872
24068784 235600561
458633417 926267306
726009014 824394622
35921510 289913763
87703345 294811082
388076759 645081545
291231152 399718729
364132986 536809065
447680330 528090869
126070657 866300810
412761336 889129766
669208517 700572920
15685880 285075157
222147242 302117808
786296880 835636126
824782169 899951576
595572991 758812011
122655885 166959648
40641722 751579064
83495572 796235691
8149111 670638816
77895987 380312486
762002617 793597308
532996858 716879347
903937 746040786
143608440 343454047
441389008 809519296
74882705 714162949
443559338 779033607
497094328 803015668
174243700 745962444
83854207 139149970
588384617 965547131
209688916 220946485
7698048 448347732
59294432 118031072
240497406 922084994
110064346 268657566
306516664 959786342
24872308 417053038
644404228 816764436
741828175 763566390
395627676 691020836
704979420 921831441
273999429 696442613
55476714 118099119
389229400 543337038
418285718 765130622
338435216 414085795
543978056 594280491
600796 918748618
116973899 153138715
189211279 825762066
282178320 798168593
160534216 927131664
490218979 859107680
8605092 744376895
650230490 672544425
198679943 247716814
24214563 538224567
144940940 739176405
415173190 775922882
434413805 541399413
411721952 618536630
420322690 924288930
37931358 289735847
295647903 470125141
424416122 800907474
19021599 368570767
306908146 742468306
584077408 784829872
64894006 234224397
335341600 544844744
89181472 722392876
170554357 532010441
763893001 885404619
726212540 874220048
304593879 501288483
577186600 591552701
524443744 846096698
503471430 758754830
174255666 634531924
694767601 883459846
400674942 428011780
671252657 804787086
776938867 997524174
188200343 310963909
816782375 987236417
311360230 738883579
82946425 761221518
213791070 949635228
239350637 322263806
127008286 822496262
127779905 342439695
113216335 156431103
612925800 617564193
59873312 112349588
62890547 268407988
439469105 960985702
62184427 456612147
114262476 145010870
389709901 822161335
79610314 155772547
632322042 921213895
22965048 332969469
12462432 943159443
304356242 896938572
9312140 890314396
170432826 640979854
219462859 514300062
112604518 282849314
499606379 611041019
77044025 223352083
93772681 370409825
494272406 715814700
54634241 769581046
262171218 468195860
587736412 808583931
50874356 386588679
176349672 932766942
13951177 174483022
538817172 987671472
39590935 109154052
43851327 832397622
204142841 422361968
142839359 961873014
735830260 888340394
477801760 823666592
765802765 770553462
11139355 388062196
253492233 983888030
375016888 837311249
229823152 462118358
167870285 749851484
112829570 684479845
111069861 775836514
26338093 282697769
67576419 531003448
99460259 780397251
24363537 886295647
101568360 957410802
821672609 901360821
214798582 531689253
107531972 992735645
49084855 921394693
144392381 169005312
146226357 905089931
219798616 276444850
549188046 994444067
318774316 815713394
607780925 952389088
187276274 488794263
762904999 833207044
283090859 666945603
231789108 937181076
557277234 775265849
308293080 902816372
751238996 810423637
94272716 746089973
34484913 170139956
2149022 353305257
404369333 597120623
316229169 408206908
937616086 989100705
171568352 278555716
154161161 626237790
598479607 914333223
618282242 980835948
511923156 589252039
680782375 865971588
56253810 909483987
3453499 60899224
331041796 482314573
261210653 657744633
149015660 710870503
333243796 984106574
88281232 107623671
129946669 978949794
510034550 608754040
188941604 560708162
216477285 456814276
289409555 848909008
530706381 879830435
82559476 95655748
13883611 413616201
35903446 779290693
35914198 167020979
324626981 360467424
112385664 397206287
227729135 420691569
331234659 840012837
169051777 576279367
86104325 925329636
337369353 602866369
340195815 862572969
283143265 394767664
37748563 758071681
370895985 651276301
69620726 529932845
635043887 966641806
188883219 579431467
180536232 813810371
671036591 675354540
25657963 175128250
120879938 695545060
65311377 910126778
767718843 968843125
125390321 546645918
202672781 335880538
412366125 707734006
121001756 595456539
357234531 469464083
194303918 427923903
291219953 490806386
211497136 339907545
312586373 687149027
539621801 600168126
295003723 735315185
356802978 466904388
13308822 136050644
326068231 997974920
594119033 910175948
352607659 369542740
175102634 690351826
681973419 807029094
130182219 231268406
272675596 921617852
643546417 979176400
2479158 865019213
61106348 103164726
308720262 340952282
78694695 898633378
255338133 919295960
522752506 795674625
545768465 827934918
555617913 804345213
13415604 783252071
42801187 100011811
4769032 489204463
137503856 334903620
170502553 893223173
62232877 491176081
286757712 916406228
363944963 583561716
789566485 942458582
62007402 628836619
75944412 90028646
230919675 564027596
618988114 922445930
674022011 864297817
45285231 311700952
567920490 692644957
205692775 622348162
418477291 777281402
131864490 836338304
57405713 390639466
412974761 992639601
157182450 640804111
42450357 153529918
84536451 755914799
146771141 471340031
537705812 610395708
391282637 692352945
146854927 309547169
170521195 206539267
50242101 764865495
105332415 250896814
233847286 376261792
640081376 895077187
156534696 232313252
4146675 766668599
290239971 920808838
59958562 139678247
36732182 958628314
