100
100 1
40 2
50 3
84 4
42 5
26 6
7 2
64 8
59 9
88 10
30 11
26 12
43 13
81 14
69 15
24 16
21 17
99 18
36 19
34 20
25 21
79 22
66 23
24 23
68 25
26 11
62 27
73 28
29 6
61 30
86 31
84 32
40 33
93 34
94 35
40 36
37 9
73 38
55 39
40 37
41 30
84 42
81 43
79 44
49 45
71 46
97 47
55 48
49 6
99 50
82 51
79 52
90 53
82 54
55 41
56 22
74 57
58 27
59 16
60 31
64 61
62 30
63 59
99 64
65 3
66 47
86 67
68 50
87 69
70 30
71 15
72 49
73 45
99 74
75 5
76 42
99 77
88 78
79 75
98 80
81 15
82 7
83 68
84 7
85 80
86 8
94 87
88 59
89 52
90 73
91 66
92 83
93 57
94 25
95 73
100 96
97 26
98 82
99 76
100 2